1 0.653516 0.546667 0.106346 0.093333
0 0.632075 0.446667 0.077187 0.066667
0 0.521441 0.493333 0.068611 0.053333
1 0.415952 0.516667 0.070326 0.053333
1 0.409949 0.385000 0.068611 0.063333
1 0.282161 0.393333 0.063465 0.073333
1 0.517153 0.675000 0.156089 0.143333
1 0.481990 0.846667 0.106346 0.140000
0 0.096913 0.128333 0.162950 0.096667
0 0.490566 0.198333 0.109777 0.056667
1 0.650086 0.288333 0.068611 0.043333
0 0.728988 0.216667 0.065180 0.053333
1 0.784734 0.270000 0.056604 0.053333
1 0.865352 0.305000 0.097770 0.063333
0 0.765009 0.386667 0.096055 0.080000
0 0.653516 0.335000 0.054889 0.043333
0 0.248714 0.248333 0.058319 0.043333
