0 0.396811 0.330000 0.163227 0.126667
0 0.055347 0.543333 0.110694 0.073333
0 0.366792 0.561667 0.050657 0.036667
0 0.693246 0.150000 0.163227 0.200000
0 0.494371 0.433333 0.080675 0.066667
0 0.677298 0.338333 0.198874 0.096667
0 0.580675 0.340000 0.005629 0.006667
0 0.667917 0.690000 0.093809 0.033333
0 0.621951 0.633333 0.054409 0.040000
1 0.666979 0.616667 0.024390 0.020000
1 0.621951 0.470000 0.039400 0.040000
1 0.747655 0.465000 0.114447 0.103333
1 0.791745 0.566667 0.056285 0.060000
0 0.758912 0.630000 0.028143 0.020000
0 0.631332 0.600000 0.028143 0.013333
0 0.452158 0.663333 0.015009 0.006667
0 0.530019 0.696667 0.054409 0.020000
0 0.406191 0.720000 0.031895 0.013333
0 0.585366 0.753333 0.045028 0.020000
1 0.555347 0.738333 0.037523 0.016667
1 0.745779 0.541667 0.046904 0.023333
1 0.603189 0.773333 0.020638 0.006667
0 0.781426 0.761667 0.016886 0.010000
