0 0.423750 0.280000 0.222500 0.106667
1 0.657500 0.150000 0.130000 0.120000
1 0.577500 0.358333 0.115000 0.063333
1 0.546250 0.428333 0.092500 0.050000
1 0.432500 0.388333 0.095000 0.050000
1 0.420000 0.490000 0.085000 0.033333
0 0.618750 0.516667 0.162500 0.040000
1 0.726250 0.480000 0.097500 0.040000
1 0.528750 0.563333 0.087500 0.026667
0 0.080000 0.340000 0.155000 0.086667
1 0.132500 0.415000 0.100000 0.043333
1 0.181250 0.458333 0.112500 0.050000
1 0.246250 0.528333 0.067500 0.023333
1 0.312500 0.561667 0.070000 0.023333
0 0.268750 0.601667 0.107500 0.030000
0 0.398750 0.646667 0.102500 0.026667
1 0.357500 0.623333 0.065000 0.020000
1 0.513750 0.610000 0.057500 0.020000
