0 0.346667 0.537500 0.086667 0.040000
0 0.336667 0.578750 0.060000 0.027500
1 0.323333 0.376250 0.066667 0.032500
1 0.286667 0.276250 0.093333 0.042500
0 0.440000 0.198750 0.213333 0.137500
1 0.870000 0.337500 0.053333 0.050000
1 0.648333 0.306250 0.056667 0.052500
1 0.531667 0.578750 0.050000 0.022500
1 0.770000 0.613750 0.146667 0.037500
1 0.915000 0.562500 0.043333 0.025000
0 0.865000 0.536250 0.043333 0.022500
1 0.961667 0.457500 0.076667 0.025000
1 0.946667 0.486250 0.060000 0.017500
1 0.678333 0.421250 0.063333 0.027500
0 0.733333 0.377500 0.040000 0.025000
1 0.615000 0.058750 0.116667 0.117500
