1 0.795302 0.516667 0.060403 0.053333
0 0.621924 0.643333 0.250559 0.073333
1 0.125280 0.368333 0.237136 0.290000
1 0.052573 0.105000 0.100671 0.210000
0 0.561521 0.153333 0.371365 0.266667
0 0.759508 0.306667 0.078300 0.073333
1 0.525727 0.460000 0.129754 0.080000
0 0.388143 0.373333 0.060403 0.040000
0 0.338926 0.581667 0.060403 0.043333
1 0.704698 0.550000 0.111857 0.066667
0 0.721477 0.473333 0.046980 0.033333
0 0.837808 0.385000 0.055928 0.056667
0 0.799776 0.220000 0.060403 0.060000
0 0.384787 0.678333 0.170022 0.043333
