0 0.653333 0.462500 0.086667 0.040000
0 0.663333 0.421250 0.060000 0.027500
1 0.676667 0.623750 0.066667 0.032500
1 0.713333 0.723750 0.093333 0.042500
0 0.560000 0.801250 0.213333 0.137500
1 0.130000 0.662500 0.053333 0.050000
1 0.351667 0.693750 0.056667 0.052500
1 0.468333 0.421250 0.050000 0.022500
1 0.230000 0.386250 0.146667 0.037500
1 0.085000 0.437500 0.043333 0.025000
0 0.135000 0.463750 0.043333 0.022500
1 0.038333 0.542500 0.076667 0.025000
1 0.053333 0.513750 0.060000 0.017500
1 0.321667 0.578750 0.063333 0.027500
0 0.266667 0.622500 0.040000 0.025000
1 0.385000 0.941250 0.116667 0.117500
