1 0.346484 0.453333 0.106346 0.093333
0 0.367925 0.553333 0.077187 0.066667
0 0.478559 0.506667 0.068611 0.053333
1 0.584048 0.483333 0.070326 0.053333
1 0.590051 0.615000 0.068611 0.063333
1 0.717839 0.606667 0.063465 0.073333
1 0.482847 0.325000 0.156089 0.143333
1 0.518010 0.153333 0.106346 0.140000
0 0.903087 0.871667 0.162950 0.096667
0 0.509434 0.801667 0.109777 0.056667
1 0.349914 0.711667 0.068611 0.043333
0 0.271012 0.783333 0.065180 0.053333
1 0.215266 0.730000 0.056604 0.053333
1 0.134648 0.695000 0.097770 0.063333
0 0.234991 0.613333 0.096055 0.080000
0 0.346484 0.665000 0.054889 0.043333
0 0.751286 0.751667 0.058319 0.043333
