0 0.576250 0.720000 0.222500 0.106667
1 0.342500 0.850000 0.130000 0.120000
1 0.422500 0.641667 0.115000 0.063333
1 0.453750 0.571667 0.092500 0.050000
1 0.567500 0.611667 0.095000 0.050000
1 0.580000 0.510000 0.085000 0.033333
0 0.381250 0.483333 0.162500 0.040000
1 0.273750 0.520000 0.097500 0.040000
1 0.471250 0.436667 0.087500 0.026667
0 0.920000 0.660000 0.155000 0.086667
1 0.867500 0.585000 0.100000 0.043333
1 0.818750 0.541667 0.112500 0.050000
1 0.753750 0.471667 0.067500 0.023333
1 0.687500 0.438333 0.070000 0.023333
0 0.731250 0.398333 0.107500 0.030000
0 0.601250 0.353333 0.102500 0.026667
1 0.642500 0.376667 0.065000 0.020000
1 0.486250 0.390000 0.057500 0.020000
