0 0.328333 0.615000 0.263333 0.196667
0 0.671667 0.855000 0.436667 0.276667
1 0.195000 0.940000 0.330000 0.120000
1 0.078333 0.748333 0.156667 0.136667
0 0.655000 0.458333 0.390000 0.163333
1 0.310000 0.386667 0.153333 0.066667
1 0.120000 0.440000 0.140000 0.100000
0 0.025000 0.516667 0.050000 0.060000
1 0.370000 0.186667 0.153333 0.053333
1 0.515000 0.281667 0.190000 0.063333
1 0.595000 0.221667 0.083333 0.036667
1 0.780000 0.231667 0.193333 0.070000
1 0.303333 0.128333 0.100000 0.036667
1 0.410000 0.110000 0.133333 0.040000
1 0.656667 0.160000 0.246667 0.066667
0 0.246667 0.071667 0.180000 0.070000
1 0.428333 0.346667 0.136667 0.053333
0 0.308333 0.285000 0.063333 0.036667
1 0.955000 0.713333 0.083333 0.106667
