0 0.716667 0.646667 0.412500 0.266667
1 0.744792 0.420000 0.077083 0.040000
1 0.863542 0.901667 0.127083 0.196667
1 0.358333 0.718333 0.141667 0.143333
0 0.305208 0.875000 0.085417 0.136667
1 0.187500 0.828333 0.120833 0.143333
1 0.170833 0.666667 0.162500 0.120000
0 0.119792 0.558333 0.235417 0.143333
1 0.286458 0.460000 0.085417 0.080000
1 0.228125 0.401667 0.131250 0.070000
1 0.397917 0.543333 0.145833 0.146667
0 0.518750 0.425000 0.070833 0.070000
1 0.050000 0.796667 0.100000 0.133333
0 0.505208 0.735000 0.064583 0.110000
