1 0.204698 0.483333 0.060403 0.053333
0 0.378076 0.356667 0.250559 0.073333
1 0.874720 0.631667 0.237136 0.290000
1 0.947427 0.895000 0.100671 0.210000
0 0.438479 0.846667 0.371365 0.266667
0 0.240492 0.693333 0.078300 0.073333
1 0.474273 0.540000 0.129754 0.080000
0 0.611857 0.626667 0.060403 0.040000
0 0.661074 0.418333 0.060403 0.043333
1 0.295302 0.450000 0.111857 0.066667
0 0.278523 0.526667 0.046980 0.033333
0 0.162192 0.615000 0.055928 0.056667
0 0.200224 0.780000 0.060403 0.060000
0 0.615213 0.321667 0.170022 0.043333
