1 0.646552 0.168103 0.051724 0.043103
1 0.646552 0.219828 0.068966 0.025862
1 0.698276 0.293103 0.068966 0.034483
1 0.775862 0.465517 0.086207 0.068966
1 0.806034 0.525862 0.043103 0.034483
0 0.831897 0.556034 0.025862 0.025862
0 0.448276 0.198276 0.034483 0.017241
0 0.465517 0.163793 0.034483 0.017241
1 0.495690 0.090517 0.043103 0.025862
1 0.931034 0.551724 0.120690 0.086207
1 0.887931 0.642241 0.224138 0.112069
1 0.974138 0.875000 0.051724 0.060345
0 0.737069 0.349138 0.077586 0.043103
0 0.793103 0.379310 0.034483 0.051724
0 0.000000 0.672414 0.060345 0.051724
1 0.000000 0.482759 0.103448 0.000000
0 0.000000 0.443966 0.103448 0.025862
