0 0.357411 0.471667 0.069418 0.043333
0 0.123827 0.178333 0.153846 0.176667
1 0.204503 0.108333 0.082552 0.103333
1 0.331144 0.268333 0.091932 0.090000
1 0.429644 0.251667 0.093809 0.083333
1 0.567542 0.231667 0.076923 0.063333
1 0.487805 0.120000 0.090056 0.100000
1 0.347092 0.101667 0.097561 0.110000
1 0.403377 0.025000 0.127580 0.050000
1 0.636023 0.048333 0.127580 0.083333
0 0.460600 0.426667 0.043152 0.040000
0 0.423077 0.453333 0.035647 0.020000
1 0.529081 0.476667 0.153846 0.133333
0 0.773921 0.290000 0.324578 0.233333
0 0.935272 0.090000 0.129456 0.180000
