0 0.583750 0.483333 0.392500 0.306667
0 0.845000 0.810000 0.305000 0.213333
1 0.170000 0.518333 0.250000 0.123333
1 0.167500 0.636667 0.250000 0.133333
1 0.203750 0.813333 0.217500 0.253333
0 0.303750 0.381667 0.262500 0.123333
1 0.332500 0.278333 0.155000 0.056667
1 0.618750 0.168333 0.172500 0.070000
0 0.422500 0.198333 0.175000 0.076667
1 0.258750 0.161667 0.137500 0.090000
0 0.340000 0.098333 0.105000 0.050000
0 0.448750 0.073333 0.117500 0.040000
1 0.558750 0.098333 0.117500 0.043333
1 0.737500 0.116667 0.085000 0.033333
1 0.706250 0.066667 0.062500 0.020000
1 0.686250 0.026667 0.057500 0.020000
0 0.617500 0.043333 0.060000 0.026667
