1 0.495522 0.370000 0.143284 0.120000
1 0.392537 0.811667 0.080597 0.036667
0 0.700000 0.551667 0.074627 0.043333
0 0.574627 0.721667 0.092537 0.050000
0 0.388060 0.735000 0.119403 0.030000
0 0.298507 0.606667 0.125373 0.040000
0 0.592537 0.790000 0.044776 0.040000
0 0.608955 0.853333 0.041791 0.046667
0 0.311940 0.153333 0.313433 0.146667
1 0.286567 0.443333 0.161194 0.093333
0 0.231343 0.543333 0.289552 0.080000
0 0.874627 0.715000 0.149254 0.090000
1 0.829851 0.770000 0.095522 0.033333
1 0.805970 0.803333 0.077612 0.033333
1 0.774627 0.826667 0.068657 0.026667
0 0.753731 0.846667 0.050746 0.026667
1 0.722388 0.918333 0.059701 0.023333
