1 0.353448 0.831897 0.051724 0.043103
1 0.353448 0.780172 0.068966 0.025862
1 0.301724 0.706897 0.068966 0.034483
1 0.224138 0.534483 0.086207 0.068966
1 0.193966 0.474138 0.043103 0.034483
0 0.168103 0.443966 0.025862 0.025862
0 0.551724 0.801724 0.034483 0.017241
0 0.534483 0.836207 0.034483 0.017241
1 0.504310 0.909483 0.043103 0.025862
1 0.068966 0.448276 0.120690 0.086207
1 0.112069 0.357759 0.224138 0.112069
1 0.025862 0.125000 0.051724 0.060345
0 0.262931 0.650862 0.077586 0.043103
0 0.206897 0.620690 0.034483 0.051724
0 1.000000 0.327586 0.060345 0.051724
1 1.000000 0.517241 0.103448 0.000000
0 1.000000 0.556034 0.103448 0.025862
