0 0.603189 0.670000 0.163227 0.126667
0 0.944653 0.456667 0.110694 0.073333
0 0.633208 0.438333 0.050657 0.036667
0 0.306754 0.850000 0.163227 0.200000
0 0.505629 0.566667 0.080675 0.066667
0 0.322702 0.661667 0.198874 0.096667
0 0.419325 0.660000 0.005629 0.006667
0 0.332083 0.310000 0.093809 0.033333
0 0.378049 0.366667 0.054409 0.040000
1 0.333021 0.383333 0.024390 0.020000
1 0.378049 0.530000 0.039400 0.040000
1 0.252345 0.535000 0.114447 0.103333
1 0.208255 0.433333 0.056285 0.060000
0 0.241088 0.370000 0.028143 0.020000
0 0.368668 0.400000 0.028143 0.013333
0 0.547842 0.336667 0.015009 0.006667
0 0.469981 0.303333 0.054409 0.020000
0 0.593809 0.280000 0.031895 0.013333
0 0.414634 0.246667 0.045028 0.020000
1 0.444653 0.261667 0.037523 0.016667
1 0.254221 0.458333 0.046904 0.023333
1 0.396811 0.226667 0.020638 0.006667
0 0.218574 0.238333 0.016886 0.010000
