0 0.352672 0.743333 0.338931 0.506667
0 0.689313 0.428333 0.328244 0.423333
0 0.419084 0.110000 0.077863 0.120000
0 0.529008 0.031667 0.120611 0.050000
0 0.654962 0.013333 0.085496 0.026667
0 0.671756 0.075000 0.058015 0.063333
1 0.451145 0.228333 0.099237 0.090000
1 0.346565 0.341667 0.073282 0.150000
0 0.281679 0.285000 0.077863 0.103333
1 0.236641 0.446667 0.048855 0.093333
0 0.101527 0.481667 0.053435 0.090000
0 0.312214 0.105000 0.035115 0.036667
0 0.551908 0.096667 0.068702 0.040000
1 0.357252 0.048333 0.039695 0.050000
1 0.419847 0.020000 0.064122 0.040000
0 0.526718 0.905000 0.088550 0.156667
