0 0.283333 0.353333 0.412500 0.266667
1 0.255208 0.580000 0.077083 0.040000
1 0.136458 0.098333 0.127083 0.196667
1 0.641667 0.281667 0.141667 0.143333
0 0.694792 0.125000 0.085417 0.136667
1 0.812500 0.171667 0.120833 0.143333
1 0.829167 0.333333 0.162500 0.120000
0 0.880208 0.441667 0.235417 0.143333
1 0.713542 0.540000 0.085417 0.080000
1 0.771875 0.598333 0.131250 0.070000
1 0.602083 0.456667 0.145833 0.146667
0 0.481250 0.575000 0.070833 0.070000
1 0.950000 0.203333 0.100000 0.133333
0 0.494792 0.265000 0.064583 0.110000
