0 0.416250 0.516667 0.392500 0.306667
0 0.155000 0.190000 0.305000 0.213333
1 0.830000 0.481667 0.250000 0.123333
1 0.832500 0.363333 0.250000 0.133333
1 0.796250 0.186667 0.217500 0.253333
0 0.696250 0.618333 0.262500 0.123333
1 0.667500 0.721667 0.155000 0.056667
1 0.381250 0.831667 0.172500 0.070000
0 0.577500 0.801667 0.175000 0.076667
1 0.741250 0.838333 0.137500 0.090000
0 0.660000 0.901667 0.105000 0.050000
0 0.551250 0.926667 0.117500 0.040000
1 0.441250 0.901667 0.117500 0.043333
1 0.262500 0.883333 0.085000 0.033333
1 0.293750 0.933333 0.062500 0.020000
1 0.313750 0.973333 0.057500 0.020000
0 0.382500 0.956667 0.060000 0.026667
