1 0.504478 0.630000 0.143284 0.120000
1 0.607463 0.188333 0.080597 0.036667
0 0.300000 0.448333 0.074627 0.043333
0 0.425373 0.278333 0.092537 0.050000
0 0.611940 0.265000 0.119403 0.030000
0 0.701493 0.393333 0.125373 0.040000
0 0.407463 0.210000 0.044776 0.040000
0 0.391045 0.146667 0.041791 0.046667
0 0.688060 0.846667 0.313433 0.146667
1 0.713433 0.556667 0.161194 0.093333
0 0.768657 0.456667 0.289552 0.080000
0 0.125373 0.285000 0.149254 0.090000
1 0.170149 0.230000 0.095522 0.033333
1 0.194030 0.196667 0.077612 0.033333
1 0.225373 0.173333 0.068657 0.026667
0 0.246269 0.153333 0.050746 0.026667
1 0.277612 0.081667 0.059701 0.023333
