0 0.671667 0.385000 0.263333 0.196667
0 0.328333 0.145000 0.436667 0.276667
1 0.805000 0.060000 0.330000 0.120000
1 0.921667 0.251667 0.156667 0.136667
0 0.345000 0.541667 0.390000 0.163333
1 0.690000 0.613333 0.153333 0.066667
1 0.880000 0.560000 0.140000 0.100000
0 0.975000 0.483333 0.050000 0.060000
1 0.630000 0.813333 0.153333 0.053333
1 0.485000 0.718333 0.190000 0.063333
1 0.405000 0.778333 0.083333 0.036667
1 0.220000 0.768333 0.193333 0.070000
1 0.696667 0.871667 0.100000 0.036667
1 0.590000 0.890000 0.133333 0.040000
1 0.343333 0.840000 0.246667 0.066667
0 0.753333 0.928333 0.180000 0.070000
1 0.571667 0.653333 0.136667 0.053333
0 0.691667 0.715000 0.063333 0.036667
1 0.045000 0.286667 0.083333 0.106667
